/*
  Wavelet coefficients sources

  Kindly borrowed from pywavlets, thanks!

  https://github.com/PyWavelets/pywt
*/
#include "wavelet_coeffs.hpp"

// -----------------------------------------------------------------------------------------------
// Biorthogonal 11
// -----------------------------------------------------------------------------------------------
static float bior1_1_dc_lo[2] = { 0.707106781187f, 0.707106781187f };

static float bior1_1_dc_hi[2] = { -0.707106781187f, 0.707106781187f };

static float bior1_1_rc_lo[2] = { 0.707106781187f, 0.707106781187f };

static float bior1_1_rc_hi[2] = { 0.707106781187f, -0.707106781187f };

const WaveletCoeffs bior1_1_coeffs = {
    "bior1.1", 
    2,
    bior1_1_dc_lo,
    bior1_1_dc_hi,
    bior1_1_rc_lo,
    bior1_1_rc_hi
};

// -----------------------------------------------------------------------------------------------
// Biorthogonal 13
// -----------------------------------------------------------------------------------------------
static float bior1_3_dc_lo[6] = {
        -0.088388347648f, 0.088388347648f, 0.707106781187f, 0.707106781187f,
        0.088388347648f, -0.088388347648f
};

static float bior1_3_dc_hi[6] = {
        -0.000000000000f, 0.000000000000f, -0.707106781187f, 0.707106781187f,
        -0.000000000000f, 0.000000000000f
};

static float bior1_3_rc_lo[6] = {
        0.000000000000f, 0.000000000000f, 0.707106781187f, 0.707106781187f,
        0.000000000000f, 0.000000000000f
};

static float bior1_3_rc_hi[6] = {
        -0.088388347648f, -0.088388347648f, 0.707106781187f, -0.707106781187f,
        0.088388347648f, 0.088388347648f
};

const WaveletCoeffs bior1_3_coeffs = {
    "bior1.3", 
    6,
    bior1_3_dc_lo,
    bior1_3_dc_hi,
    bior1_3_rc_lo,
    bior1_3_rc_hi
};

// -----------------------------------------------------------------------------------------------
// Biorthogonal 15
// -----------------------------------------------------------------------------------------------
static float bior1_5_dc_lo[10] = {
        0.016572815184f, -0.016572815184f, -0.121533978016f, 0.121533978016f,
        0.707106781187f, 0.707106781187f, 0.121533978016f, -0.121533978016f,
        -0.016572815184f, 0.016572815184f
};

static float bior1_5_dc_hi[10] = {
        -0.000000000000f, 0.000000000000f, -0.000000000000f, 0.000000000000f,
        -0.707106781187f, 0.707106781187f, -0.000000000000f, 0.000000000000f,
        -0.000000000000f, 0.000000000000f
};

static float bior1_5_rc_lo[10] = {
        0.000000000000f, 0.000000000000f, 0.000000000000f, 0.000000000000f,
        0.707106781187f, 0.707106781187f, 0.000000000000f, 0.000000000000f,
        0.000000000000f, 0.000000000000f
};

static float bior1_5_rc_hi[10] = {
        0.016572815184f, 0.016572815184f, -0.121533978016f, -0.121533978016f,
        0.707106781187f, -0.707106781187f, 0.121533978016f, 0.121533978016f,
        -0.016572815184f, -0.016572815184f
};

const WaveletCoeffs bior1_5_coeffs = {
    "bior1.5", 
    10,
    bior1_5_dc_lo,
    bior1_5_dc_hi,
    bior1_5_rc_lo,
    bior1_5_rc_hi
};

// -----------------------------------------------------------------------------------------------
// Biorthogonal 22
// -----------------------------------------------------------------------------------------------
static float bior2_2_dc_lo[6] = {
        0.000000000000f, -0.176776695297f, 0.353553390593f, 1.060660171780f,
        0.353553390593f, -0.176776695297f
};

static float bior2_2_dc_hi[6] = {
        -0.000000000000f, 0.353553390593f, -0.707106781187f, 0.353553390593f,
        -0.000000000000f, 0.000000000000f
};

static float bior2_2_rc_lo[6] = {
        0.000000000000f, 0.353553390593f, 0.707106781187f, 0.353553390593f,
        0.000000000000f, 0.000000000000f
};

static float bior2_2_rc_hi[6] = {
        0.000000000000f, 0.176776695297f, 0.353553390593f, -1.060660171780f,
        0.353553390593f, 0.176776695297f
};

const WaveletCoeffs bior2_2_coeffs = {
    "bior2.2", 
    6,
    bior2_2_dc_lo,
    bior2_2_dc_hi,
    bior2_2_rc_lo,
    bior2_2_rc_hi
};

// -----------------------------------------------------------------------------------------------
// Biorthogonal 24
// -----------------------------------------------------------------------------------------------
static float bior2_4_dc_lo[10] = {
        0.000000000000f, 0.033145630368f, -0.066291260736f, -0.176776695297f,
        0.419844651330f, 0.994368911044f, 0.419844651330f, -0.176776695297f,
        -0.066291260736f, 0.033145630368f
};

static float bior2_4_dc_hi[10] = {
        -0.000000000000f, 0.000000000000f, -0.000000000000f, 0.353553390593f,
        -0.707106781187f, 0.353553390593f, -0.000000000000f, 0.000000000000f,
        -0.000000000000f, 0.000000000000f
};

static float bior2_4_rc_lo[10] = {
        0.000000000000f, 0.000000000000f, 0.000000000000f, 0.353553390593f,
        0.707106781187f, 0.353553390593f, 0.000000000000f, 0.000000000000f,
        0.000000000000f, 0.000000000000f
};

static float bior2_4_rc_hi[10] = {
        0.000000000000f, -0.033145630368f, -0.066291260736f, 0.176776695297f,
        0.419844651330f, -0.994368911044f, 0.419844651330f, 0.176776695297f,
        -0.066291260736f, -0.033145630368f
};

const WaveletCoeffs bior2_4_coeffs = {
    "bior2.4", 
    10,
    bior2_4_dc_lo,
    bior2_4_dc_hi,
    bior2_4_rc_lo,
    bior2_4_rc_hi
};

// -----------------------------------------------------------------------------------------------
// Biorthogonal 26
// -----------------------------------------------------------------------------------------------
static float bior2_6_dc_lo[14] = {
        0.000000000000f, -0.006905339660f, 0.013810679320f, 0.046956309688f,
        -0.107723298696f, -0.169871355637f, 0.447466009970f, 0.966747552403f,
        0.447466009970f, -0.169871355637f, -0.107723298696f, 0.046956309688f,
        0.013810679320f, -0.006905339660f
};

static float bior2_6_dc_hi[14] = {
        -0.000000000000f, 0.000000000000f, -0.000000000000f, 0.000000000000f,
        -0.000000000000f, 0.353553390593f, -0.707106781187f, 0.353553390593f,
        -0.000000000000f, 0.000000000000f, -0.000000000000f, 0.000000000000f,
        -0.000000000000f, 0.000000000000f
};

static float bior2_6_rc_lo[14] = {
        0.000000000000f, 0.000000000000f, 0.000000000000f, 0.000000000000f,
        0.000000000000f, 0.353553390593f, 0.707106781187f, 0.353553390593f,
        0.000000000000f, 0.000000000000f, 0.000000000000f, 0.000000000000f,
        0.000000000000f, 0.000000000000f
};

static float bior2_6_rc_hi[14] = {
        0.000000000000f, 0.006905339660f, 0.013810679320f, -0.046956309688f,
        -0.107723298696f, 0.169871355637f, 0.447466009970f, -0.966747552403f,
        0.447466009970f, 0.169871355637f, -0.107723298696f, -0.046956309688f,
        0.013810679320f, 0.006905339660f
};

const WaveletCoeffs bior2_6_coeffs = {
    "bior2.6", 
    14,
    bior2_6_dc_lo,
    bior2_6_dc_hi,
    bior2_6_rc_lo,
    bior2_6_rc_hi
};

// -----------------------------------------------------------------------------------------------
// Biorthogonal 28
// -----------------------------------------------------------------------------------------------
static float bior2_8_dc_lo[18] = {
        0.000000000000f, 0.001510543051f, -0.003021086101f, -0.012947511863f,
        0.028916109826f, 0.052998481891f, -0.134913073608f, -0.163829183434f,
        0.462571440476f, 0.951642121897f, 0.462571440476f, -0.163829183434f,
        -0.134913073608f, 0.052998481891f, 0.028916109826f, -0.012947511863f,
        -0.003021086101f, 0.001510543051f
};

static float bior2_8_dc_hi[18] = {
        -0.000000000000f, 0.000000000000f, -0.000000000000f, 0.000000000000f,
        -0.000000000000f, 0.000000000000f, -0.000000000000f, 0.353553390593f,
        -0.707106781187f, 0.353553390593f, -0.000000000000f, 0.000000000000f,
        -0.000000000000f, 0.000000000000f, -0.000000000000f, 0.000000000000f,
        -0.000000000000f, 0.000000000000f
};

static float bior2_8_rc_lo[18] = {
        0.000000000000f, 0.000000000000f, 0.000000000000f, 0.000000000000f,
        0.000000000000f, 0.000000000000f, 0.000000000000f, 0.353553390593f,
        0.707106781187f, 0.353553390593f, 0.000000000000f, 0.000000000000f,
        0.000000000000f, 0.000000000000f, 0.000000000000f, 0.000000000000f,
        0.000000000000f, 0.000000000000f
};

static float bior2_8_rc_hi[18] = {
        0.000000000000f, -0.001510543051f, -0.003021086101f, 0.012947511863f,
        0.028916109826f, -0.052998481891f, -0.134913073608f, 0.163829183434f,
        0.462571440476f, -0.951642121897f, 0.462571440476f, 0.163829183434f,
        -0.134913073608f, -0.052998481891f, 0.028916109826f, 0.012947511863f,
        -0.003021086101f, -0.001510543051f
};

const WaveletCoeffs bior2_8_coeffs = {
    "bior2.8", 
    18,
    bior2_8_dc_lo,
    bior2_8_dc_hi,
    bior2_8_rc_lo,
    bior2_8_rc_hi
};

// -----------------------------------------------------------------------------------------------
// Biorthogonal 31
// -----------------------------------------------------------------------------------------------
static float bior3_1_dc_lo[4] = { -0.353553390593f, 1.060660171780f, 1.060660171780f, -0.353553390593f };

static float bior3_1_dc_hi[4] = { -0.176776695297f, 0.530330085890f, -0.530330085890f, 0.176776695297f };

static float bior3_1_rc_lo[4] = { 0.176776695297f, 0.530330085890f, 0.530330085890f, 0.176776695297f };

static float bior3_1_rc_hi[4] = { -0.353553390593f, -1.060660171780f, 1.060660171780f, 0.353553390593f };

const WaveletCoeffs bior3_1_coeffs = {
    "bior3.1", 
    4,
    bior3_1_dc_lo,
    bior3_1_dc_hi,
    bior3_1_rc_lo,
    bior3_1_rc_hi
};

// -----------------------------------------------------------------------------------------------
// Biorthogonal 33
// -----------------------------------------------------------------------------------------------
static float bior3_3_dc_lo[8] = {
        0.066291260736f, -0.198873782209f, -0.154679608385f, 0.994368911044f,
        0.994368911044f, -0.154679608385f, -0.198873782209f, 0.066291260736f
};

static float bior3_3_dc_hi[8] = {
        -0.000000000000f, 0.000000000000f, -0.176776695297f, 0.530330085890f,
        -0.530330085890f, 0.176776695297f, -0.000000000000f, 0.000000000000f
};

static float bior3_3_rc_lo[8] = {
        0.000000000000f, 0.000000000000f, 0.176776695297f, 0.530330085890f,
        0.530330085890f, 0.176776695297f, 0.000000000000f, 0.000000000000f
};

static float bior3_3_rc_hi[8] = {
        0.066291260736f, 0.198873782209f, -0.154679608385f, -0.994368911044f,
        0.994368911044f, 0.154679608385f, -0.198873782209f, -0.066291260736f
};

const WaveletCoeffs bior3_3_coeffs = {
    "bior3.3", 
    8,
    bior3_3_dc_lo,
    bior3_3_dc_hi,
    bior3_3_rc_lo,
    bior3_3_rc_hi
};

// -----------------------------------------------------------------------------------------------
// Biorthogonal 35
// -----------------------------------------------------------------------------------------------
static float bior3_5_dc_lo[12] = {
        -0.013810679320f, 0.041432037960f, 0.052480581416f, -0.267927178809f,
        -0.071815532464f, 0.966747552403f, 0.966747552403f, -0.071815532464f,
        -0.267927178809f, 0.052480581416f, 0.041432037960f, -0.013810679320f
};

static float bior3_5_dc_hi[12] = {
        -0.000000000000f, 0.000000000000f, -0.000000000000f, 0.000000000000f,
        -0.176776695297f, 0.530330085890f, -0.530330085890f, 0.176776695297f,
        -0.000000000000f, 0.000000000000f, -0.000000000000f, 0.000000000000f
};

static float bior3_5_rc_lo[12] = {
        0.000000000000f, 0.000000000000f, 0.000000000000f, 0.000000000000f,
        0.176776695297f, 0.530330085890f, 0.530330085890f, 0.176776695297f,
        0.000000000000f, 0.000000000000f, 0.000000000000f, 0.000000000000f
};

static float bior3_5_rc_hi[12] = {
        -0.013810679320f, -0.041432037960f, 0.052480581416f, 0.267927178809f,
        -0.071815532464f, -0.966747552403f, 0.966747552403f, 0.071815532464f,
        -0.267927178809f, -0.052480581416f, 0.041432037960f, 0.013810679320f
};

const WaveletCoeffs bior3_5_coeffs = {
    "bior3.5", 
    12,
    bior3_5_dc_lo,
    bior3_5_dc_hi,
    bior3_5_rc_lo,
    bior3_5_rc_hi
};

// -----------------------------------------------------------------------------------------------
// Biorthogonal 37
// -----------------------------------------------------------------------------------------------
static float bior3_7_dc_lo[16] = {
        0.003021086101f, -0.009063258304f, -0.016831765421f, 0.074663985074f,
        0.031332978707f, -0.301159125923f, -0.026499240945f, 0.951642121897f,
        0.951642121897f, -0.026499240945f, -0.301159125923f, 0.031332978707f,
        0.074663985074f, -0.016831765421f, -0.009063258304f, 0.003021086101f
};

static float bior3_7_dc_hi[16] = {
        -0.000000000000f, 0.000000000000f, -0.000000000000f, 0.000000000000f,
        -0.000000000000f, 0.000000000000f, -0.176776695297f, 0.530330085890f,
        -0.530330085890f, 0.176776695297f, -0.000000000000f, 0.000000000000f,
        -0.000000000000f, 0.000000000000f, -0.000000000000f, 0.000000000000f
};

static float bior3_7_rc_lo[16] = {
        0.000000000000f, 0.000000000000f, 0.000000000000f, 0.000000000000f,
        0.000000000000f, 0.000000000000f, 0.176776695297f, 0.530330085890f,
        0.530330085890f, 0.176776695297f, 0.000000000000f, 0.000000000000f,
        0.000000000000f, 0.000000000000f, 0.000000000000f, 0.000000000000f
};

static float bior3_7_rc_hi[16] = {
        0.003021086101f, 0.009063258304f, -0.016831765421f, -0.074663985074f,
        0.031332978707f, 0.301159125923f, -0.026499240945f, -0.951642121897f,
        0.951642121897f, 0.026499240945f, -0.301159125923f, -0.031332978707f,
        0.074663985074f, 0.016831765421f, -0.009063258304f, -0.003021086101f
};

const WaveletCoeffs bior3_7_coeffs = {
    "bior3.7", 
    16,
    bior3_7_dc_lo,
    bior3_7_dc_hi,
    bior3_7_rc_lo,
    bior3_7_rc_hi
};

// -----------------------------------------------------------------------------------------------
// Biorthogonal 39
// -----------------------------------------------------------------------------------------------
static float bior3_9_dc_lo[20] = {
        -0.000679744373f, 0.002039233118f, 0.005060319220f, -0.020618912641f,
        -0.014112787930f, 0.099134782494f, 0.012300136269f, -0.320191968361f,
        0.002050022712f, 0.942125700678f, 0.942125700678f, 0.002050022712f,
        -0.320191968361f, 0.012300136269f, 0.099134782494f, -0.014112787930f,
        -0.020618912641f, 0.005060319220f, 0.002039233118f, -0.000679744373f
};

static float bior3_9_dc_hi[20] = {
        -0.000000000000f, 0.000000000000f, -0.000000000000f, 0.000000000000f,
        -0.000000000000f, 0.000000000000f, -0.000000000000f, 0.000000000000f,
        -0.176776695297f, 0.530330085890f, -0.530330085890f, 0.176776695297f,
        -0.000000000000f, 0.000000000000f, -0.000000000000f, 0.000000000000f,
        -0.000000000000f, 0.000000000000f, -0.000000000000f, 0.000000000000f
};

static float bior3_9_rc_lo[20] = {
        0.000000000000f, 0.000000000000f, 0.000000000000f, 0.000000000000f,
        0.000000000000f, 0.000000000000f, 0.000000000000f, 0.000000000000f,
        0.176776695297f, 0.530330085890f, 0.530330085890f, 0.176776695297f,
        0.000000000000f, 0.000000000000f, 0.000000000000f, 0.000000000000f,
        0.000000000000f, 0.000000000000f, 0.000000000000f, 0.000000000000f
};

static float bior3_9_rc_hi[20] = {
        -0.000679744373f, -0.002039233118f, 0.005060319220f, 0.020618912641f,
        -0.014112787930f, -0.099134782494f, 0.012300136269f, 0.320191968361f,
        0.002050022712f, -0.942125700678f, 0.942125700678f, -0.002050022712f,
        -0.320191968361f, -0.012300136269f, 0.099134782494f, 0.014112787930f,
        -0.020618912641f, -0.005060319220f, 0.002039233118f, 0.000679744373f
};

const WaveletCoeffs bior3_9_coeffs = {
    "bior3.9", 
    20,
    bior3_9_dc_lo,
    bior3_9_dc_hi,
    bior3_9_rc_lo,
    bior3_9_rc_hi
};

// -----------------------------------------------------------------------------------------------
// Biorthogonal 44
// -----------------------------------------------------------------------------------------------
static float bior4_4_dc_lo[10] = {
        0.000000000000f, 0.037828455507f, -0.023849465020f, -0.110624404418f,
        0.377402855613f, 0.852698679009f, 0.377402855613f, -0.110624404418f,
        -0.023849465020f, 0.037828455507f
};

static float bior4_4_dc_hi[10] = {
        -0.000000000000f, -0.064538882629f, 0.040689417609f, 0.418092273222f,
        -0.788485616406f, 0.418092273222f, 0.040689417609f, -0.064538882629f,
        -0.000000000000f, 0.000000000000f
};

static float bior4_4_rc_lo[10] = {
        0.000000000000f, -0.064538882629f, -0.040689417609f, 0.418092273222f,
        0.788485616406f, 0.418092273222f, -0.040689417609f, -0.064538882629f,
        0.000000000000f, 0.000000000000f
};

static float bior4_4_rc_hi[10] = {
        0.000000000000f, -0.037828455507f, -0.023849465020f, 0.110624404418f,
        0.377402855613f, -0.852698679009f, 0.377402855613f, 0.110624404418f,
        -0.023849465020f, -0.037828455507f
};

const WaveletCoeffs bior4_4_coeffs = {
    "bior4.4", 
    10,
    bior4_4_dc_lo,
    bior4_4_dc_hi,
    bior4_4_rc_lo,
    bior4_4_rc_hi
};

// -----------------------------------------------------------------------------------------------
// Biorthogonal 55
// -----------------------------------------------------------------------------------------------
static float bior5_5_dc_lo[12] = {
        0.000000000000f, 0.000000000000f, 0.039687088347f, 0.007948108637f,
        -0.054463788468f, 0.345605281956f, 0.736660181428f, 0.345605281956f,
        -0.054463788468f, 0.007948108637f, 0.039687088347f, 0.000000000000f
};

static float bior5_5_dc_hi[12] = {
        -0.013456709459f, -0.002694966880f, 0.136706584664f, -0.093504697401f,
        -0.476803265798f, 0.899506109749f, -0.476803265798f, -0.093504697401f,
        0.136706584664f, -0.002694966880f, -0.013456709459f, 0.000000000000f
};

static float bior5_5_rc_lo[12] = {
        0.013456709459f, -0.002694966880f, -0.136706584664f, -0.093504697401f,
        0.476803265798f, 0.899506109749f, 0.476803265798f, -0.093504697401f,
        -0.136706584664f, -0.002694966880f, 0.013456709459f, 0.000000000000f
};

static float bior5_5_rc_hi[12] = {
        0.000000000000f, -0.000000000000f, 0.039687088347f, -0.007948108637f,
        -0.054463788468f, -0.345605281956f, 0.736660181428f, -0.345605281956f,
        -0.054463788468f, -0.007948108637f, 0.039687088347f, -0.000000000000f
};

const WaveletCoeffs bior5_5_coeffs = {
    "bior5.5", 
    12,
    bior5_5_dc_lo,
    bior5_5_dc_hi,
    bior5_5_rc_lo,
    bior5_5_rc_hi
};

// -----------------------------------------------------------------------------------------------
// Biorthogonal 68
// -----------------------------------------------------------------------------------------------
static float bior6_8_dc_lo[18] = {
        0.000000000000f, 0.001908831736f, -0.001914286129f, -0.016990639868f,
        0.011934565280f, 0.049732903491f, -0.077263173167f, -0.094059203496f,
        0.420796284610f, 0.825922997458f, 0.420796284610f, -0.094059203496f,
        -0.077263173167f, 0.049732903491f, 0.011934565280f, -0.016990639868f,
        -0.001914286129f, 0.001908831736f
};

static float bior6_8_dc_hi[18] = {
        -0.000000000000f, 0.000000000000f, -0.000000000000f, 0.014426282506f,
        -0.014467504897f, -0.078722001063f, 0.040367979030f, 0.417849109150f,
        -0.758907729454f, 0.417849109150f, 0.040367979030f, -0.078722001063f,
        -0.014467504897f, 0.014426282506f, -0.000000000000f, 0.000000000000f,
        -0.000000000000f, 0.000000000000f
};

static float bior6_8_rc_lo[18] = {
        0.000000000000f, 0.000000000000f, 0.000000000000f, 0.014426282506f,
        0.014467504897f, -0.078722001063f, -0.040367979030f, 0.417849109150f,
        0.758907729454f, 0.417849109150f, -0.040367979030f, -0.078722001063f,
        0.014467504897f, 0.014426282506f, 0.000000000000f, 0.000000000000f,
        0.000000000000f, 0.000000000000f
};

static float bior6_8_rc_hi[18] = {
        0.000000000000f, -0.001908831736f, -0.001914286129f, 0.016990639868f,
        0.011934565280f, -0.049732903491f, -0.077263173167f, 0.094059203496f,
        0.420796284610f, -0.825922997458f, 0.420796284610f, 0.094059203496f,
        -0.077263173167f, -0.049732903491f, 0.011934565280f, 0.016990639868f,
        -0.001914286129f, -0.001908831736f
};

const WaveletCoeffs bior6_8_coeffs = {
    "bior6.8", 
    18,
    bior6_8_dc_lo,
    bior6_8_dc_hi,
    bior6_8_rc_lo,
    bior6_8_rc_hi
};

// -----------------------------------------------------------------------------------------------
// Coiflets 1
// -----------------------------------------------------------------------------------------------
static float coif1_dc_lo[6] = {
        -0.015655728136f, -0.072732619513f, 0.384864846865f, 0.852572020212f,
        0.337897662457f, -0.072732619513f
};

static float coif1_dc_hi[6] = {
        0.072732619513f, 0.337897662457f, -0.852572020212f, 0.384864846865f,
        0.072732619513f, -0.015655728136f
};

static float coif1_rc_lo[6] = {
        -0.072732619513f, 0.337897662457f, 0.852572020212f, 0.384864846865f,
        -0.072732619513f, -0.015655728136f
};

static float coif1_rc_hi[6] = {
        -0.015655728136f, 0.072732619513f, 0.384864846865f, -0.852572020212f,
        0.337897662457f, 0.072732619513f
};

const WaveletCoeffs coif1_coeffs = {
    "coif1", 
    6,
    coif1_dc_lo,
    coif1_dc_hi,
    coif1_rc_lo,
    coif1_rc_hi
};

// -----------------------------------------------------------------------------------------------
// Coiflets 2
// -----------------------------------------------------------------------------------------------
static float coif2_dc_lo[12] = {
        -0.000720549446f, -0.001823208871f, 0.005611434819f, 0.023680171947f,
        -0.059434418646f, -0.076488599078f, 0.417005184423f, 0.812723635449f,
        0.386110066823f, -0.067372554724f, -0.041464936787f, 0.016387336463f
};

static float coif2_dc_hi[12] = {
        -0.016387336463f, -0.041464936787f, 0.067372554724f, 0.386110066823f,
        -0.812723635449f, 0.417005184423f, 0.076488599078f, -0.059434418646f,
        -0.023680171947f, 0.005611434819f, 0.001823208871f, -0.000720549446f
};

static float coif2_rc_lo[12] = {
        0.016387336463f, -0.041464936787f, -0.067372554724f, 0.386110066823f,
        0.812723635449f, 0.417005184423f, -0.076488599078f, -0.059434418646f,
        0.023680171947f, 0.005611434819f, -0.001823208871f, -0.000720549446f
};

static float coif2_rc_hi[12] = {
        -0.000720549446f, 0.001823208871f, 0.005611434819f, -0.023680171947f,
        -0.059434418646f, 0.076488599078f, 0.417005184423f, -0.812723635449f,
        0.386110066823f, 0.067372554724f, -0.041464936787f, -0.016387336463f
};

const WaveletCoeffs coif2_coeffs = {
    "coif2", 
    12,
    coif2_dc_lo,
    coif2_dc_hi,
    coif2_rc_lo,
    coif2_rc_hi
};

// -----------------------------------------------------------------------------------------------
// Coiflets 3
// -----------------------------------------------------------------------------------------------
static float coif3_dc_lo[18] = {
        -0.000034599773f, -0.000070983303f, 0.000466216960f, 0.001117518771f,
        -0.002574517688f, -0.009007976137f, 0.015880544864f, 0.034555027573f,
        -0.082301927106f, -0.071799821619f, 0.428483476377f, 0.793777222626f,
        0.405176902409f, -0.061123390003f, -0.065771911281f, 0.023452696142f,
        0.007782596426f, -0.003793512864f
};

static float coif3_dc_hi[18] = {
        0.003793512864f, 0.007782596426f, -0.023452696142f, -0.065771911281f,
        0.061123390003f, 0.405176902409f, -0.793777222626f, 0.428483476377f,
        0.071799821619f, -0.082301927106f, -0.034555027573f, 0.015880544864f,
        0.009007976137f, -0.002574517688f, -0.001117518771f, 0.000466216960f,
        0.000070983303f, -0.000034599773f
};

static float coif3_rc_lo[18] = {
        -0.003793512864f, 0.007782596426f, 0.023452696142f, -0.065771911281f,
        -0.061123390003f, 0.405176902409f, 0.793777222626f, 0.428483476377f,
        -0.071799821619f, -0.082301927106f, 0.034555027573f, 0.015880544864f,
        -0.009007976137f, -0.002574517688f, 0.001117518771f, 0.000466216960f,
        -0.000070983303f, -0.000034599773f
};

static float coif3_rc_hi[18] = {
        -0.000034599773f, 0.000070983303f, 0.000466216960f, -0.001117518771f,
        -0.002574517688f, 0.009007976137f, 0.015880544864f, -0.034555027573f,
        -0.082301927106f, 0.071799821619f, 0.428483476377f, -0.793777222626f,
        0.405176902409f, 0.061123390003f, -0.065771911281f, -0.023452696142f,
        0.007782596426f, 0.003793512864f
};

const WaveletCoeffs coif3_coeffs = {
    "coif3", 
    18,
    coif3_dc_lo,
    coif3_dc_hi,
    coif3_rc_lo,
    coif3_rc_hi
};

// -----------------------------------------------------------------------------------------------
// Coiflets 4
// -----------------------------------------------------------------------------------------------
static float coif4_dc_lo[24] = {
        -0.000001784991f, -0.000003259648f, 0.000031229862f, 0.000062338854f,
        -0.000259974337f, -0.000589020225f, 0.001266561079f, 0.003751434697f,
        -0.005658283800f, -0.015211728188f, 0.025082253338f, 0.039334422606f,
        -0.096220424536f, -0.066627472367f, 0.434386033114f, 0.782238934424f,
        0.415308427001f, -0.056077319604f, -0.081266710249f, 0.026682304670f,
        0.016068947132f, -0.007346167936f, -0.001629492425f, 0.000892313903f
};

static float coif4_dc_hi[24] = {
        -0.000892313903f, -0.001629492425f, 0.007346167936f, 0.016068947132f,
        -0.026682304670f, -0.081266710249f, 0.056077319604f, 0.415308427001f,
        -0.782238934424f, 0.434386033114f, 0.066627472367f, -0.096220424536f,
        -0.039334422606f, 0.025082253338f, 0.015211728188f, -0.005658283800f,
        -0.003751434697f, 0.001266561079f, 0.000589020225f, -0.000259974337f,
        -0.000062338854f, 0.000031229862f, 0.000003259648f, -0.000001784991f
};

static float coif4_rc_lo[24] = {
        0.000892313903f, -0.001629492425f, -0.007346167936f, 0.016068947132f,
        0.026682304670f, -0.081266710249f, -0.056077319604f, 0.415308427001f,
        0.782238934424f, 0.434386033114f, -0.066627472367f, -0.096220424536f,
        0.039334422606f, 0.025082253338f, -0.015211728188f, -0.005658283800f,
        0.003751434697f, 0.001266561079f, -0.000589020225f, -0.000259974337f,
        0.000062338854f, 0.000031229862f, -0.000003259648f, -0.000001784991f
};

static float coif4_rc_hi[24] = {
        -0.000001784991f, 0.000003259648f, 0.000031229862f, -0.000062338854f,
        -0.000259974337f, 0.000589020225f, 0.001266561079f, -0.003751434697f,
        -0.005658283800f, 0.015211728188f, 0.025082253338f, -0.039334422606f,
        -0.096220424536f, 0.066627472367f, 0.434386033114f, -0.782238934424f,
        0.415308427001f, 0.056077319604f, -0.081266710249f, -0.026682304670f,
        0.016068947132f, 0.007346167936f, -0.001629492425f, -0.000892313903f
};

const WaveletCoeffs coif4_coeffs = {
    "coif4", 
    24,
    coif4_dc_lo,
    coif4_dc_hi,
    coif4_rc_lo,
    coif4_rc_hi
};

// -----------------------------------------------------------------------------------------------
// Coiflets 5
// -----------------------------------------------------------------------------------------------
static float coif5_dc_lo[30] = {
        -0.000000096040f, -0.000000162380f, 0.000002061220f, 0.000003700728f,
        -0.000021270222f, -0.000041219862f, 0.000140356328f, 0.000301857942f,
        -0.000637558926f, -0.001661627304f, 0.002431575443f, 0.006761520221f,
        -0.009159507339f, -0.019758391601f, 0.032674799467f, 0.041287530472f,
        -0.105563151307f, -0.062037751575f, 0.437982306659f, 0.774293622860f,
        0.421571266731f, -0.052046670254f, -0.091921588060f, 0.028169744271f,
        0.023408322119f, -0.010131584847f, -0.004159312628f, 0.002178294378f,
        0.000358577741f, -0.000212081862f
};

static float coif5_dc_hi[30] = {
        0.000212081862f, 0.000358577741f, -0.002178294378f, -0.004159312628f,
        0.010131584847f, 0.023408322119f, -0.028169744271f, -0.091921588060f,
        0.052046670254f, 0.421571266731f, -0.774293622860f, 0.437982306659f,
        0.062037751575f, -0.105563151307f, -0.041287530472f, 0.032674799467f,
        0.019758391601f, -0.009159507339f, -0.006761520221f, 0.002431575443f,
        0.001661627304f, -0.000637558926f, -0.000301857942f, 0.000140356328f,
        0.000041219862f, -0.000021270222f, -0.000003700728f, 0.000002061220f,
        0.000000162380f, -0.000000096040f
};

static float coif5_rc_lo[30] = {
        -0.000212081862f, 0.000358577741f, 0.002178294378f, -0.004159312628f,
        -0.010131584847f, 0.023408322119f, 0.028169744271f, -0.091921588060f,
        -0.052046670254f, 0.421571266731f, 0.774293622860f, 0.437982306659f,
        -0.062037751575f, -0.105563151307f, 0.041287530472f, 0.032674799467f,
        -0.019758391601f, -0.009159507339f, 0.006761520221f, 0.002431575443f,
        -0.001661627304f, -0.000637558926f, 0.000301857942f, 0.000140356328f,
        -0.000041219862f, -0.000021270222f, 0.000003700728f, 0.000002061220f,
        -0.000000162380f, -0.000000096040f
};

static float coif5_rc_hi[30] = {
        -0.000000096040f, 0.000000162380f, 0.000002061220f, -0.000003700728f,
        -0.000021270222f, 0.000041219862f, 0.000140356328f, -0.000301857942f,
        -0.000637558926f, 0.001661627304f, 0.002431575443f, -0.006761520221f,
        -0.009159507339f, 0.019758391601f, 0.032674799467f, -0.041287530472f,
        -0.105563151307f, 0.062037751575f, 0.437982306659f, -0.774293622860f,
        0.421571266731f, 0.052046670254f, -0.091921588060f, -0.028169744271f,
        0.023408322119f, 0.010131584847f, -0.004159312628f, -0.002178294378f,
        0.000358577741f, 0.000212081862f
};

const WaveletCoeffs coif5_coeffs = {
    "coif5", 
    30,
    coif5_dc_lo,
    coif5_dc_hi,
    coif5_rc_lo,
    coif5_rc_hi
};

// -----------------------------------------------------------------------------------------------
// Coiflets 6
// -----------------------------------------------------------------------------------------------
static float coif6_dc_lo[36] = {
        -0.000000005309f, -0.000000008487f, 0.000000135032f, 0.000000225600f,
        -0.000001659619f, -0.000002924386f, 0.000013139851f, 0.000024736559f,
        -0.000075280043f, -0.000154577199f, 0.000325222359f, 0.000769854731f,
        -0.001157435013f, -0.003073939507f, 0.003857658271f, 0.009591090176f,
        -0.012650067909f, -0.022950153280f, 0.038881326252f, 0.041852490676f,
        -0.112260807965f, -0.058108917973f, 0.440401191127f, 0.768403257580f,
        0.425819545013f, -0.048764072176f, -0.099673002046f, 0.028786114347f,
        0.029645772891f, -0.012231577790f, -0.007029406391f, 0.003539019872f,
        0.001091624712f, -0.000624613044f, -0.000081170026f, 0.000050775488f
};

static float coif6_dc_hi[36] = {
        -0.000050775488f, -0.000081170026f, 0.000624613044f, 0.001091624712f,
        -0.003539019872f, -0.007029406391f, 0.012231577790f, 0.029645772891f,
        -0.028786114347f, -0.099673002046f, 0.048764072176f, 0.425819545013f,
        -0.768403257580f, 0.440401191127f, 0.058108917973f, -0.112260807965f,
        -0.041852490676f, 0.038881326252f, 0.022950153280f, -0.012650067909f,
        -0.009591090176f, 0.003857658271f, 0.003073939507f, -0.001157435013f,
        -0.000769854731f, 0.000325222359f, 0.000154577199f, -0.000075280043f,
        -0.000024736559f, 0.000013139851f, 0.000002924386f, -0.000001659619f,
        -0.000000225600f, 0.000000135032f, 0.000000008487f, -0.000000005309f
};

static float coif6_rc_lo[36] = {
        0.000050775488f, -0.000081170026f, -0.000624613044f, 0.001091624712f,
        0.003539019872f, -0.007029406391f, -0.012231577790f, 0.029645772891f,
        0.028786114347f, -0.099673002046f, -0.048764072176f, 0.425819545013f,
        0.768403257580f, 0.440401191127f, -0.058108917973f, -0.112260807965f,
        0.041852490676f, 0.038881326252f, -0.022950153280f, -0.012650067909f,
        0.009591090176f, 0.003857658271f, -0.003073939507f, -0.001157435013f,
        0.000769854731f, 0.000325222359f, -0.000154577199f, -0.000075280043f,
        0.000024736559f, 0.000013139851f, -0.000002924386f, -0.000001659619f,
        0.000000225600f, 0.000000135032f, -0.000000008487f, -0.000000005309f
};

static float coif6_rc_hi[36] = {
        -0.000000005309f, 0.000000008487f, 0.000000135032f, -0.000000225600f,
        -0.000001659619f, 0.000002924386f, 0.000013139851f, -0.000024736559f,
        -0.000075280043f, 0.000154577199f, 0.000325222359f, -0.000769854731f,
        -0.001157435013f, 0.003073939507f, 0.003857658271f, -0.009591090176f,
        -0.012650067909f, 0.022950153280f, 0.038881326252f, -0.041852490676f,
        -0.112260807965f, 0.058108917973f, 0.440401191127f, -0.768403257580f,
        0.425819545013f, 0.048764072176f, -0.099673002046f, -0.028786114347f,
        0.029645772891f, 0.012231577790f, -0.007029406391f, -0.003539019872f,
        0.001091624712f, 0.000624613044f, -0.000081170026f, -0.000050775488f
};

const WaveletCoeffs coif6_coeffs = {
    "coif6", 
    36,
    coif6_dc_lo,
    coif6_dc_hi,
    coif6_rc_lo,
    coif6_rc_hi
};

// -----------------------------------------------------------------------------------------------
// Coiflets 7
// -----------------------------------------------------------------------------------------------
static float coif7_dc_lo[42] = {
        -0.000000000299f, -0.000000000458f, 0.000000008797f, 0.000000013935f,
        -0.000000125509f, -0.000000206932f, 0.000001157977f, 0.000002002078f,
        -0.000007771244f, -0.000014235637f, 0.000040430482f, 0.000079710500f,
        -0.000167817212f, -0.000369066829f, 0.000579499448f, 0.001434741857f,
        -0.001801537283f, -0.004617842130f, 0.005431316443f, 0.012052338242f,
        -0.015946846820f, -0.025154257569f, 0.043993046163f, 0.041705357603f,
        -0.117293571043f, -0.054751241648f, 0.442137461402f, 0.763815365417f,
        0.428888807249f, -0.046033397038f, -0.105556168222f, 0.028937041984f,
        0.034910505105f, -0.013802554236f, -0.009938895269f, 0.004829446561f,
        0.002105772041f, -0.001169314429f, -0.000287202375f, 0.000175102168f,
        0.000018711355f, -0.000012222251f
};

static float coif7_dc_hi[42] = {
        0.000012222251f, 0.000018711355f, -0.000175102168f, -0.000287202375f,
        0.001169314429f, 0.002105772041f, -0.004829446561f, -0.009938895269f,
        0.013802554236f, 0.034910505105f, -0.028937041984f, -0.105556168222f,
        0.046033397038f, 0.428888807249f, -0.763815365417f, 0.442137461402f,
        0.054751241648f, -0.117293571043f, -0.041705357603f, 0.043993046163f,
        0.025154257569f, -0.015946846820f, -0.012052338242f, 0.005431316443f,
        0.004617842130f, -0.001801537283f, -0.001434741857f, 0.000579499448f,
        0.000369066829f, -0.000167817212f, -0.000079710500f, 0.000040430482f,
        0.000014235637f, -0.000007771244f, -0.000002002078f, 0.000001157977f,
        0.000000206932f, -0.000000125509f, -0.000000013935f, 0.000000008797f,
        0.000000000458f, -0.000000000299f
};

static float coif7_rc_lo[42] = {
        -0.000012222251f, 0.000018711355f, 0.000175102168f, -0.000287202375f,
        -0.001169314429f, 0.002105772041f, 0.004829446561f, -0.009938895269f,
        -0.013802554236f, 0.034910505105f, 0.028937041984f, -0.105556168222f,
        -0.046033397038f, 0.428888807249f, 0.763815365417f, 0.442137461402f,
        -0.054751241648f, -0.117293571043f, 0.041705357603f, 0.043993046163f,
        -0.025154257569f, -0.015946846820f, 0.012052338242f, 0.005431316443f,
        -0.004617842130f, -0.001801537283f, 0.001434741857f, 0.000579499448f,
        -0.000369066829f, -0.000167817212f, 0.000079710500f, 0.000040430482f,
        -0.000014235637f, -0.000007771244f, 0.000002002078f, 0.000001157977f,
        -0.000000206932f, -0.000000125509f, 0.000000013935f, 0.000000008797f,
        -0.000000000458f, -0.000000000299f
};

static float coif7_rc_hi[42] = {
        -0.000000000299f, 0.000000000458f, 0.000000008797f, -0.000000013935f,
        -0.000000125509f, 0.000000206932f, 0.000001157977f, -0.000002002078f,
        -0.000007771244f, 0.000014235637f, 0.000040430482f, -0.000079710500f,
        -0.000167817212f, 0.000369066829f, 0.000579499448f, -0.001434741857f,
        -0.001801537283f, 0.004617842130f, 0.005431316443f, -0.012052338242f,
        -0.015946846820f, 0.025154257569f, 0.043993046163f, -0.041705357603f,
        -0.117293571043f, 0.054751241648f, 0.442137461402f, -0.763815365417f,
        0.428888807249f, 0.046033397038f, -0.105556168222f, -0.028937041984f,
        0.034910505105f, 0.013802554236f, -0.009938895269f, -0.004829446561f,
        0.002105772041f, 0.001169314429f, -0.000287202375f, -0.000175102168f,
        0.000018711355f, 0.000012222251f
};

const WaveletCoeffs coif7_coeffs = {
    "coif7", 
    42,
    coif7_dc_lo,
    coif7_dc_hi,
    coif7_rc_lo,
    coif7_rc_hi
};

// -----------------------------------------------------------------------------------------------
// Coiflets 8
// -----------------------------------------------------------------------------------------------
static float coif8_dc_lo[48] = {
        -0.000000000017f, -0.000000000025f, 0.000000000570f, 0.000000000867f,
        -0.000000009271f, -0.000000014540f, 0.000000097724f, 0.000000158935f,
        -0.000000751502f, -0.000001275454f, 0.000004496936f, 0.000008031503f,
        -0.000021802001f, -0.000041474786f, 0.000087544521f, 0.000181692876f,
        -0.000297778932f, -0.000687171643f, 0.000896776063f, 0.002235649422f,
        -0.002544003710f, -0.006156659548f, 0.007065827011f, 0.014117470078f,
        -0.018985244695f, -0.026656710543f, 0.048252371086f, 0.041185806676f,
        -0.121211168231f, -0.051860743161f, 0.443442549842f, 0.760113302018f,
        0.431209815555f, -0.043718983366f, -0.110169976983f, 0.028828621759f,
        0.039372037878f, -0.014978462082f, -0.012742370633f, 0.005994849192f,
        0.003300825011f, -0.001783260009f, -0.000623560447f, 0.000371294996f,
        0.000075473678f, -0.000048296315f, -0.000004368265f, 0.000002954337f
};

static float coif8_dc_hi[48] = {
        -0.000002954337f, -0.000004368265f, 0.000048296315f, 0.000075473678f,
        -0.000371294996f, -0.000623560447f, 0.001783260009f, 0.003300825011f,
        -0.005994849192f, -0.012742370633f, 0.014978462082f, 0.039372037878f,
        -0.028828621759f, -0.110169976983f, 0.043718983366f, 0.431209815555f,
        -0.760113302018f, 0.443442549842f, 0.051860743161f, -0.121211168231f,
        -0.041185806676f, 0.048252371086f, 0.026656710543f, -0.018985244695f,
        -0.014117470078f, 0.007065827011f, 0.006156659548f, -0.002544003710f,
        -0.002235649422f, 0.000896776063f, 0.000687171643f, -0.000297778932f,
        -0.000181692876f, 0.000087544521f, 0.000041474786f, -0.000021802001f,
        -0.000008031503f, 0.000004496936f, 0.000001275454f, -0.000000751502f,
        -0.000000158935f, 0.000000097724f, 0.000000014540f, -0.000000009271f,
        -0.000000000867f, 0.000000000570f, 0.000000000025f, -0.000000000017f
};

static float coif8_rc_lo[48] = {
        0.000002954337f, -0.000004368265f, -0.000048296315f, 0.000075473678f,
        0.000371294996f, -0.000623560447f, -0.001783260009f, 0.003300825011f,
        0.005994849192f, -0.012742370633f, -0.014978462082f, 0.039372037878f,
        0.028828621759f, -0.110169976983f, -0.043718983366f, 0.431209815555f,
        0.760113302018f, 0.443442549842f, -0.051860743161f, -0.121211168231f,
        0.041185806676f, 0.048252371086f, -0.026656710543f, -0.018985244695f,
